48193
77649
-92930
49619
85329
17065
-56986
46725
-74848
-31336
-45572
22643
-30962
-17850
90749
-6075
60790
-8227
78856
54660
-76542
-46836
62299
-61655
-67937
74631
-63922
-48855
44096
24988
-96693
62173
95130
-41916
2010
60302
-59920
23144
-46477
68142
64224
80272
49402
-89847
26593
-80196
-44869
-33553
86250
2006
-48682
-73624
-12924
-11519
-84097
-39200
-94865
-65272
14893
-19508
17042
82918
88738
77387
-42213
7181
-12094
12925
-78313
7197
-81682
43874
-33330
-30665
32343
-97
-27052
46010
45337
72595
-55116
-74351
-28173
73479
-25264
48150
54903
-8393
-25770
27465
38393
25462
61384
-68546
-82028
-64202
95583
64990
-63195
43444
-78264
-94306
-865
-22682
-35840
-18244
71166
-85683
63178
22019
-86191
-76654
14256
-32869
-15639
-28911
45173
-93153
-56225
-35613
74797
76786
-62397
54931
-14041
-98114
-76744
66828
-66093
-14014
-90227
-50193
95666
-38230
-4107
-62921
-77775
7828
-25297
-93366
73872
52374
60120
61105
-77311
-52506
94508
69794
58056
-65042
-96142
-45695
-69280
-2238
74953
-60538
-2768
-40952
49673
98754
-22654
-22939
-94228
-90121
-51936
-60281
-27671
-67622
35448
84319
46768
64866
52582
-40280
-97217
-26055
63041
94542
-13360
-34416
2610
35076
8595
32148
58539
32762
83278
30205
14139
-29101
37807
-30242
60349
22470
18803
-9508
-8018
13930
13742
-29962
-18481
44701
-98855
-29458
6199
-98099
-31062
55953
43387
-15236
-193
-62028
74026
-88464
-41890
-51787
98942
70977
58071
83146
29905
71201
12920
12562
-88841
-84853
-20735
78988
-2587
-76084
97884
46294
-94585
-40845
-30753
-70630
46880
84664
-71044
11587
-81816
38564
95517
70807
-70259
26262
14830
61907
27985
-19809
-62375
96504
-33292
17230
-17374
-52398
-78545
29099
94240
43547
72528
-57898
-17734
81498
69327
-4691
66188
791
-76727
-52537
-39211
29027
91060
-62669
85132
-61135
33401
31946
92377
-29807
69815
31377
97146
22698
10719
-5879
-47923
31272
-16992
54252
29291
-83772
-12044
-61758
37400
-64429
-91632
30774
19961
29850
-70625
-9313
-25092
-23123
70424
-64942
-24474
-37466
50847
59276
68629
-90496
-12322
81453
-25009
38050
41264
40802
83901
-9074
-66615
34309
10991
24845
-50176
97471
-63408
70877
-33504
28429
-91538
-69414
13762
-77251
93104
37989
5630
10805
8880
88360
92977
59889
41286
12447
27238
32582
25907
23417
-65839
16924
15377
-99714
-84211
88512
80512
95738
90408
11727
-92717
85401
-11619
-49825
-84689
-94098
59499
41456
-21444
12042
45663
53079
-97147
-16621
-17676
92060
-97909
14606
14863
-43370
-76052
-69066
-45097
89227
92730
30031
-99868
-14554
88422
-19693
55664
-93740
42963
82036
50560
-56541
-38226
-15648
-23199
-77568
-10896
-80028
-74375
70326
-17325
29088
73690
-14105
58438
-87280
1931
77698
62941
-50508
99508
58862
43339
62464
-76429
54525
61645
47882
12147
52612
23811
-25815
-59210
-72068
-80707
-77457
-98985
80918
47871
-88519
98533
-13486
-45565
-18271
-98832
8838
-27944
59120
48871
-3604
80955
95489
45905
-90758
-68265
52850
-54158
-63471
59875
-47091
-39379
98452
-32934
83872
95582
8935
73483
91026
-30135
72431
59703
17396
-65888
-16472
-71392
42891
86641
94719
19705
3185
26204
90660
-5978
-20664
-2872
96616
81036
21377
-47933
51806
-66460
-80063
11118
94376
-22318
-18045
-55360
-42418
88943
31651
-5578
-60972
51915
-48232
-76197
18579
-25444
-88127
54082
1273
-8378
-67920
78158
-86842
-94941
-61550
37626
-83330
-69686
69717
-759
-4101
63347
-66
9388
36078
-62168
5185
59544
-53579
19494
99051
82635
24112
40722
-93024
91051
-17870
-41972
93921
29879
-78624
50408
2047
-51483
32459
-53300
-52505
-94451
-77608
83901
6460
-21682
-21927
26897
-71701
9234
-50064
-23279
73205
-56626
48646
-5395
-67014
16960
-14629
-85745
83145
98838
-43400
99797
9055
72256
11246
3856
23897
-65386
83413
78290
80157
67817
-83404
87145
-39199
-3510
11545
-48162
27724
66186
8039
-83935
-79617
83276
-21191
-33000
-69699
-42344
-16087
39405
-25119
43238
-91789
19111
5008
-68628
2209
-10005
17474
-77353
99197
10839
-83516
-86610
90225
920
93374
4904
64245
-71251
-78965
-9798
33564
-25959
-98593
80049
19059
99626
-21394
-65247
-28494
30916
-79953
-74836
-30403
-49244
10983
23058
-57351
-3166
96609
98316
12565
73797
-1043
-48318
63805
35885
78328
-79565
99660
2087
31559
60449
42558
99292
-81887
92271
-58718
40161
40835
-82878
26404
27739
10784
1052
-32651
-25492
65227
-76965
-32323
-92494
46122
42092
1539
41576
-96380
84511
-55453
27544
-21054
85042
87291
-54782
26698
-23292
67746
-1151
-85047
-77249
-84388
3006
-97237
21646
-63504
87973
57429
-33666
-32518
48037
-47760
95124
81021
92628
71016
-55901
50180
-87835
-4414
88375
-45901
-70774
46881
63095
75854
-47338
-61674
-54954
-54685
-20483
-23684
-96663
-37155
96357
74151
-78017
37418
36989
92670
34408
-14765
-84299
-45007
-27753
-2385
91568
-70622
-22279
-49602
23880
59160
-35588
-42950
19355
94124
-98958
85095
-41626
52650
-97698
1876
-93322
21304
37509
-53002
-38594
-63543
-71814
84069
-19656
-18304
-14258
98560
36811
53502
21126
-27779
10353
-14033
-91325
-72910
-98475
-42192
-96315
-51162
-28387
-99163
-69323
55473
-57931
-60009
19455
-42192
45435
28514
67006
77790
68624
33239
-79680
97883
-67157
-65150
-20367
-87045
-84672
56900
93706
-9256
-83234
13163
89193
29389
895
13068
-89129
-30139
10463
-52958
-68101
-74085
88687
-16467
-46753
70227
-31539
34507
-71469
-63593
-88468
9131
87517
96696
-75327
19358
39895
18757
90301
-10136
38747
-31598
-18394
58679
-92011
56976
67857
57397
-43833
69297
34891
18526
67323
-56474
-81117
77940
-34288
58660
41710
67606
-16740
59123
-50957
9041
84414
-87859
13472
65374
22509
-66545
80681
95564
-71657
-35047
8282
20538
-50279
-95801
89587
-87790
-81088
-56588
-8821
-19883
-71319
35342
-78943
17909
-29667
12073
-82762
-3008
88322
-81581
-13574
-2331
-67921
10663
-8711
17116
-1125
28109
37164
34710
-50535
37661
-1281
-61202
3686
26080
-22295
75492
33869
-2908
-61161
-18915
-46840
-62013
-61643
89824
-52823
-20365
19496
25891
2875
81336
-48234
73334
85109
-65382
29853
-14532
-25804
7005
-53667
61659
-36430
42646
85251
67831
-7191
97170
84758
-5850
-96580
-80790
-6021
-25851
-64696
-3213
-1822
49793
46218
-28636
-22833
-1784
81094
-74877
-63862
83538
8559
9785
-38716
-14084
32677
-41047
97590
45478
-43875
-36712
33691
-20973
-8437
-34510
29325
36353
-75312
13847
50859
71097
57335
12425
-1832
53716
63270
-83036
-49016
3266
31975
35020
8018
-87967
38538
-74574
-61630
43159
34706
80582
60183
77775
-55746
68822
10138
-80871
26025
-72602
45529
23920
-98095
-85696
-45572
-16044
-81011
98468
-41603
91687
-14421
79192
94255
-31755
-98891
-91753
82960
-44508
-99284
-13099
-34251
-17382
94325
-43384
59289
-69624
-40809
46060
-26160
66853
88964
-59324
34932
77044
99545
13344
-16302
26180
-47891
-81892
32159
-67606
-82427
-92420
66654
-81725
22053
50009
84945
-88272
77551
78743
14295
-67482
91494
45189
-17897
22463
-81010
-32826
46949
79731
53215
33651
61523
-34849
-89748
73225
-7395
98369
-85951
3309
75231
-26705
43340
51622
-25411
-93908
52300
-21916
-81673
35577
89905
-16910
-91336
-43914
-74803
91180
4714
-84024
17050
12480
-27419
-10300
-13093
-99704
53231
93021
-32790
-30199
-45533
73876
16156
-91534
4466
69332
80941
50807
-102
-41622
-36524
7496
-84636
18223
-5509
90060
-82155
96323
-43447
-46474
80485
-38281
-67695
85666
46266
74742
-47899
23861
7435
-25003
25071
21712
79834
44140
72675
-82149
90462
2355
66690
-47827
-60603
-99312
81896
-4711
-77826
89257
-82208
44277
72422
22111
76982
-42967
-81522
95485
7913
-82868
-31279
90404
94115
-25515
-67901
15314
57166
-27823
-72374
-40814
25752
-50654
-85223
-23956
10100
-33802
-80905
-70169
31863
76329
66583
-12820
82186
-25704
8612
-30347
-84856
-56469
-7641
61392
-19086
-52560
73418
65570
-89522
-7631
-75648
97402
-62613
67723
-41430
22861
-54379
20657
38844
-25962
-29784
-57333
-61215
28029
-34549
-76046
22880
-91885
-36413
52745
5616
40182
-41118
31041
-67230
59224
-73613
-19731
-26570
50828
-45348
53533
75346
1992
89562
-45670
20697
-58271
79515
73614
-82394
75994
-59102
13573
-3284
-19951
31399
50875
69828
-7569
8663
71376
-14526
87929
-28729
41074
25680
47580
-72114
90504
-43581
-68658
-27563
73413
-44132
-52061
-85367
-91261
-99939
-39107
59389
24913
40651
-66281
23076
71679
90135
75703
76290
20945
68343
97626
86690
-15709
9150
75490
-37156
-37827
-27109
83624
-67925
2696
35680
-20858
-54439
-57839
87778
-51844
4881
14540
-69310
-35514
2151
39264
-62133
-32656
-43058
-69494
-78881
-29429
59878
-47169
37909
-22734
19327
4927
-97461
38384
73172
69658
-51816
57468
-47868
5458
52210
54965
-40265
38258
-38270
54224
70944
32426
-24432
-37499
67298
76872
63142
89940
33036
98325
53935
66711
36302
-77551
-38638
50700
-32988
-36527
-63286
38601
82255
-55362
-98119
-11492
-15030
-41879
-5613
-91553
63266
-12755
11044
24355
53624
-19232
53808
-19115
28037
-10448
19315
48644
-3842
24051
-43125
-32199
13294
36788
35739
-45881
98687
-61049
30001
-24299
30867
99497
-82159
-31614
29780
1101
4805
-27178
61732
80158
-29815
-73857
30268
-91856
-27774
67684
66615
-27384
-55342
-365
60086
44104
526
5129
-66417
9249
-54610
35875
-6400
84870
25002
-38742
26980
-84645
80215
-35038
-31473
-83847
85960
57860
-64940
95883
-65599
-18964
-5696
-18833
-46281
51237
10924
43392
48552
-69586
6944
39313
-46611
-84751
19696
-12082
59362
46568
-1440
-62959
-10121
-72470
20255
-95768
-23261
-27735
-10670
39559
-97837
37595
85840
34072
-93384
30287
-8048
-3773
7500
62127
-7967
25738
41268
-13740
3533
-93870
71941
-28490
70719
87941
38084
-66834
68983
-33569
85432
-40151
-29160
-20553
25755
-16817
19947
35444
16262
36090
-6283
-8805
-6077
19173
15647
-21953
90257
68154
-61491
-53138
-14045
-50235
59691
90375
11053
13113
-96661
65860
95290
-19993
-82089
-70172
67647
24325
15082
17319
63026
33995
-28746
89027
-99584
76381
79266
-26803
32164
78711
-7145
-55310
35163
-47063
-79144
-84412
86529
71621
48578
-88313
47250
6480
-5167
-29439
98457
38783
-59057
12038
39804
-35807
-56469
-24649
23961
80590
-49860
-42449
-84275
25976
-32886
-15388
-39340
-88572
-49114
27270
-22100
-353
45125
6062
69602
-78950
22678
72330
-683
31324
-20237
45325
-22873
-10111
-13580
-84548
-11672
-21621
61523
-39920
-33237
-1696
-89818
-51546
42142
-55669
13622
-25968
48866
29281
98927
-8514
34645
-72791
41326
33581
-23376
-17406
-68567
99834
-10613
63277
23555
-3131
56118
77877
-85900
6604
92678
-65071
6939
25354
44922
-31717
20991
-965
-8289
9919
-10877
-9071
-18819
77566
29607
60672
9537
-76478
-74408
7700
-54185
39632
-39373
-36364
-12562
27879
-43255
-62863
23185
6431
5991
-86003
-64401
-89884
60024
-71286
-17606
9876
-65203
20320
-84639
77329
30223
4798
93416
-56853
-8321
3294
71458
8723
42136
-42307
55490
-15860
-19742
-83595
-83163
56811
74957
-44782
30257
-32935
36905
23459
4162
65328
-15115
-30816
73137
-33632
-58081
96609
75790
32762
-37924
4548
84700
-45153
-9599
-73989
17047
19490
-68368
54562
-99919
-1991
-55638
-27277
-97344
79226
13001
-91530
14451
-15387
-20337
85923
13247
-30725
-9339
96011
96444
-79792
18770
-70022
-56788
-80948
35856
59797
-32923
31499
-55321
82096
2822
-76940
35064
6311
-9510
-69779
72419
-45154
35256
-81832
-44117
55858
-50756
-85306
44904
9178
-76606
-50808
3849
-20926
-90398
-79279
-66115
-93554
-88644
74178
92921
-63905
81101
-65282
69451
-31750
27372
-85853
36904
-52083
71357
-17771
-46550
-45000
-92481
67060
41702
-17489
77329
35247
-98200
-67796
-8708
90346
78988
-20283
26284
-27440
79852
76870
-40572
1556
35696
58574
51592
-19394
17507
-25165
80634
3296
730
-28979
-49707
-60782
48420
59553
97278
59232
-81089
-15170
68659
77884
32171
-6440
-16143
-60175
-54282
74573
-35206
45375
66209
-34979
45316
-39003
-497
69741
5043
-94569
73364
31865
-14740
-78877
-16933
55752
-24734
83346
-26446
-75869
-53659
-33858
24082
19325
136
-14207
-85428
96332
-52259
98670
98310
91396
-76981
-20164
97355
64021
95342
73997
571
79593
5201
-13441
60933
95304
25372
-59643
33203
-77339
84041
-43218
48367
67444
17464
-39475
-447
-3846
73308
77965
16769
72873
63745
-72194
-46872
75607
31053
-87149
69687
5733
-39501
54332
-91179
-80779
22042
90359
49091
13805
-72135
65024
-25697
6753
-37600
-53494
7240
56798
14052
86177
49419
53564
-57234
34470
-46936
87147
-8610
-39288
-43161
38971
85636
-83238
77341
73837
-83059
-94964
33514
17232
-4703
85956
46356
66570
-61594
9995
-68665
-23765
20320
-29867
-17043
-16898
-83811
83882
-55842
-29652
-89127
-38691
-49669
95105
90092
-70849
25643
-44891
-37554
-91455
-20487
-24371
-96874
20342
-67662
-11721
-42214
-28272
-34123
40323
-96682
60306
58100
-31835
-91589
1257
64784
60855
-59229
15540
41644
-3087
37358
-64275
-40373
-6308
65627
67127
-49713
-92303
-56013
9680
-22247
79677
-33611
-27808
23268
-93553
24959
-38349
88014
-58906
-56586
98891
70780
75495
86027
77436
-67492
-56112
-43987
18310
66883
-98664
-37345
-65822
-44240
-32450
-13554
-99826
-77238
80138
-8437
35030
-41240
-72417
99154
58632
48574
-5635
-67379
-23580
72780
-6221
15415
-62682
81414
-59182
77344
-24938
-49744
-56696
-75455
-59568
56877
42267
99929
94661
-61416
-49856
89698
32943
93936
-57547
90962
-65779
35883
21371
49686
92887
-97090
-35027
-11568
-3203
4533
-94796
50357
-73588
67734
-2166
-11918
-59854
-61539
36776
36154
-8063
33479
-34893
67767
-60963
32723
-69979
-55470
-49659
-73030
58245
-31993
16426
-38607
44693
-80034
-91045
-88023
37227
28297
62202
-48946
-60780
-17799
92806
-42205
69407
-99089
-96320
48587
78249
-91418
-69820
72361
92045
-26624
-66640
-28603
8585
-29409
17024
17225
-58662
-43477
-43474
-13612
77122
-16375
-93301
43998
-65820
36958
83424
34436
-9671
-81711
31931
93240
-68241
18168
-11379
-87458
64761
-51677
78951
-95531
18465
86643
-17551
-73551
-79522
15043
70630
-83169
35820
-22860
-46300
-74141
-64675
-13927
29771
89341
-24830
6195
57945
-22685
67990
43026
42900
68639
14264
-68845
-39947
-39871
-54586
-6433
82687
98412
22030
87060
39944
-53838
32179
-86903
72051
92779
-26998
-80840
-34947
-44524
-56713
-97331
-9228
-43678
-84879
-9430
94787
-59324
-38661
-80031
-8762
83756
-12113
-57945
-87503
-42228
25084
-27864
53060
-20001
23316
95696
-17034
-66246
472
-51544
-61953
52944
-16814
39891
25091
-50923
-22135
72253
-10189
63488
81924
-29803
20679
-70924
-71389
-32959
-96850
-9902
10653
98960
-69699
23157
-65399
-54791
86501
83324
-62370
-4762
224
10598
-14695
-75062
1973
24172
75226
-15243
42583
25629
-29621
88784
-17778
-81261
94177
-37175
72392
-74630
46355
-63380
90512
7180
-49466
-41012
-76699
68588
713
29180
90059
-49827
47069
15014
71751
41194
-9579
18438
-24323
-47449
-58079
-81888
-72429
71130
69063
49901
13959
-7720
-86288
-26398
98350
-35511
86313
31044
99883
-54761
-60507
-28922
49765
-4495
29362
82918
65333
-37193
-57215
20652
-70452
-31948
-563
19257
84827
-6000
-57992
33145
23548
13082
-59471
24882
237
-60433
-85208
-63873
-61169
94557
-70458
46383
16549
275
87401
1693
-43734
10840
-20456
20175
-4108
-39982
-34904
-14694
43785
-56539
-60878
84150
27559
80205
71063
-89725
-14899
61798
-75718
-93161
-5800
25673
44351
52612
-33891
-3617
11737
-27699
48070
-99855
3203
42287
-10594
-70500
-22952
28
2926
-44299
33060
-92965
-8877
55456
-77207
-23470
7898
20116
75172
72532
-47636
-55192
-81719
-52298
-91277
41621
-61593
-82629
34936
-91952
87362
-41335
33813
44669
-6202
-26693
-18944
-63693
20688
-46064
26231
90170
31366
-42142
29130
13216
63524
-10316
-30625
-91962
62702
-36144
-87919
33659
-5370
49770
-5045
68792
-44447
43805
37001
58174
-9417
59401
-14202
5686
83675
79228
-66671
-16629
-8138
25241
-36247
70121
51309
-90820
-49465
27781
66949
-64693
83355
48260
-72786
93197
19439
95958
-18421
-16294
82199
-46486
52163
-50983
83802
57233
89449
-833
-63514
92278
51370
-86636
-96995
13926
-99599
10625
-95078
-3417
-92094
-53246
-49159
81470
-58782
28852
81950
14557
-37515
-87032
69115
4908
67742
-46742
54224
49377
-54699
24462
82716
-75535
73075
-60703
-53146
97876
85924
-88015
42164
44221
62062
-16422
19203
-24921
-4550
66374
50089
-53082
-99313
65999
-74508
-23257
3939
-42356
90285
35052
-48487
23018
-85641
56634
-50708
-68670
48371
71191
-25337
-21345
-30971
-70816
70289
-59555
-56688
43488
-72439
69787
43073
46221
59602
97861
27523
-45959
-66429
91366
-5718
13156
70256
57252
-42708
71386
69168
19208
83277
-85891
-4153
-63474
-12708
-73160
-39139
-22115
-18136
30321
-4575
-25022
-96546
58953
40855
3308
-66242
-17279
2621
-4278
-94161
-27429
-84278
-25056
-91479
54140
77767
-42618
-74125
-42053
-72294
98493
-91598
-14762
88769
68598
31858
-62191
-48395
-70874
82036
83729
-41496
-88949
-98074
96731
82318
-13964
-69281
49679
79416
96114
-12009
55931
-57916
-36708
23960
75265
8827
-24571
-50828
-14349
7454
42616
25972
-85097
80013
31616
76766
-91013
64739
-66608
95638
-26193
-2721
-97089
-82870
72424
46937
-13321
-9717
-2940
3838
-70936
45538
-56313
95391
-78107
-45665
-71583
-71323
59529
-34178
-70134
3390
63968
83853
48856
11773
98296
1808
53882
30175
67882
59952
-39593
-86589
96911
70286
83986
-41755
-49651
-2127
-33469
-79492
56445
58740
38247
71800
-53488
30467
31437
-70807
37438
-75867
15730
-90450
-23610
-14592
-53442
-28659
-11156
43927
-82284
68433
13203
-16450
18089
-8753
25965
-84260
-73801
5204
-4537
-41784
53719
-77117
-95804
-28216
-93561
-42194
73009
-72481
7818
-35099
22161
24645
98366
10223
-99559
64314
-96716
-3237
-72269
94061
-92933
-73886
1351
77634
21215
33940
-94504
-81145
-35849
66060
52016
-63201
54488
10557
-95492
13739
-36401
-84256
49317
81759
-212
-49629
-27655
73021
-59792
-681
-11604
98879
-39352
-4297
43247
-82689
23491
99795
47964
50626
91406
69727
-98782
72751
1534
-98083
-61054
1336
-27205
41569
-97481
66059
88609
-63257
-41118
52626
93548
3858
-69327
32154
40204
-45493
-57150
36603
-73671
62763
96607
34475
-31481
17865
-89660
-90214
83844
19806
4760
-70355
-75925
-68514
-10750
40033
33251
70030
67225
12462
24436
-77368
2466
16795
44337
90347
-12058
77855
-52526
-26721
80081
-50805
44173
-68312
-90829
38852
-12502
35446
91500
72668
84158
91745
-30826
-43313
91816
20425
-69402
-25313
-22217
76201
15750
60071
34750
-94831
-64059
99199
-63975
-88352
80914
65219
-37473
-6412
-43495
-66930
-370
-90098
25337
20990
-8485
41360
-46035
39698
-44494
93445
-51984
52899
54225
76540
74540
59624
71705
-73132
4899
91955
97674
-26039
-85104
-6390
6413
12467
58207
84613
37707
-52229
-31765
-64563
-36300
-43250
64282
69554
-36450
32383
70328
73767
-41800
14144
-5440
93747
35401
40450
95218
-35864
-49700
43252
-72296
5257
-91114
-59800
-57419
56216
30731
-13952
-16182
-46749
-23556
-1083
-33
20790
448
92625
90853
-70652
44082
-68735
15426
60834
-49996
-66421
-82829
-91124
-63398
-57209
98399
-53704
-54616
60054
69419
7998
14674
98208
20207
92651
3699
38092
-70684
39274
-33787
31483
-86956
-25062
21789
50265
-36700
-95421
97876
-64139
-34543
-50729
39900
-36618
-75955
78292
-65699
-56323
-23569
-84557
61908
27271
-96791
-79922
-9533
48634
-24741
-88703
46332
-37646
83599
-97140
20094
53236
-92376
-53116
15204
75781
90022
-81166
32232
-93675
-66869
1336
36111
-54642
88055
-32151
55668
-6696
60069
-11188
-27454
-72093
1935
79518
4882
26840
50187
-8841
-77131
-59017
22159
-68839
-27270
-9157
-31207
79457
46400
78408
15188
52100
15123
87393
-60076
75565
-40342
20586
78184
-66273
11897
83549
12870
-87670
85802
-43947
-89367
81871
57005
24303
11753
-30694
-44183
-92501
-35348
-19412
59167
99854
17543
-16328
83300
-9450
42846
-95933
6475
1923
-3087
20003
-22166
30142
-89644
14643
-56450
-50200
-80098
36420
-5850
70131
-35559
44030
-67756
19205
78043
14571
83290
-17810
-36462
-11347
83284
68589
51429
49703
-58760
-1871
79537
67134
20735
29450
-42548
-17478
-42324
20679
-87438
-37059
-17519
-45155
-78714
28931
-33222
-29913
-69662
2698
-96100
4182
43801
28239
97181
-7924
-53686
391
-42618
-69144
-56108
35001
5156
-81724
78825
23442
-13308
54971
71441
-80836
-34564
5929
-26246
68303
-72408
-5456
58836
49537
91105
-79655
21669
73040
-19455
68587
-50418
-71624
-19974
-96961
-64068
36111
-16694
-55773
37724
-20799
36565
32125
81176
-31611
-76789
533
-30472
-53254
-19186
55627
68849
-38067
-23823
-97864
-98501
90834
55642
79560
-34860
57386
-56903
-79644
5211
17954
18380
-47391
-30804
62068
77784
6424
-23066
76456
-23678
99383
-12086
-50475
-81693
-15878
31167
66463
-277
-91443
39762
61260
59259
-45255
-51700
-38340
26425
-58685
67866
-41385
57594
-9828
71009
52804
8550
-2132
26079
-58641
60970
51624
78472
68414
46082
-34826
-93994
-8031
50755
92575
99692
19769
7435
-76063
-13001
33386
45169
-42411
-45814
-43870
58714
39618
-25739
-15199
-99835
-66603
90780
1884
2613
19548
87386
-48802
59362
80633
67474
-45129
86556
-33068
28458
-5262
34139
61452
58221
-50537
-31415
10835
19094
162
70663
-75633
-78452
30112
-72172
79828
-63129
32589
-7654
5820
-25905
63681
-95516
81220
-95786
-92855
47297
70132
-48770
70942
11345
-700
-28890
-26848
-67761
96683
86546
-22127
55405
79576
-28162
-74239
41477
-4839
-36993
-90740
-25129
63573
-72932
65091
-59338
-61541
-92040
17271
-72062
24526
14689
-96983
31627
-75642
138
-16146
-50711
-47395
51112
82550
-86512
92833
46112
-34052
-19513
-12712
-55152
-79239
-64104
14956
-74991
31577
31775
25481
-25269
-62849
25028
44661
-42690
-52393
-67817
95626
-34623
95410
-54480
-86872
25702
71370
70261
-6768
41590
-53978
-76883
11583
-90077
-11914
97462
-11105
42932
12256
-72959
-27303
-96442
95825
-95468
-42686
55201
6127
49972
58179
25571
74540
45340
91804
-11430
-82192
42889
-41836
8538
-35299
93559
49507
-58871
-46806
84369
52397
26133
47210
27668
48397
-72363
71255
-32596
69192
-29436
18104
24893
56941
-73520
61137
-72848
-56548
25100
-75753
-59578
40762
-20740
-27081
14435
73474
-13989
-68755
40102
37055
30233
-56809
99553
-87166
40896
-83437
-6449
27495
-83863
-71836
-19790
247
-62173
-30910
85884
6981
-84558
91661
91235
-11462
25187
36726
55896
-53486
49977
95105
-3339
-41668
-28237
-62713
-44263
-290
-77718
-297
45473
-64703
-51160
-62192
67583
-92257
92525
87303
95242
-781
13236
67470
18145
2623
-58782
-40139
-79334
75022
-46225
1410
78872
-99557
79430
-18815
-60677
-36623
22846
41196
-9854
-51553
95034
-74705
-43365
61454
-65272
-97890
-46324
48918
43834
36033
78179
-88111
-73145
36272
91916
-60192
-1705
-49864
75379
75511
-50855
33609
-11972
-91794
83647
88262
-56334
63796
17269
-79685
27069
-65485
-53149
30964
60544
-62436
-45379
-43145
-59187
-82558
-81946
-66770
36975
-47512
-20604
96392
82275
3332
-77165
82083
33863
-17611
-35368
-62527
64334
35198
-13325
44956
43824
84504
21120
-76285
50123
82453
64891
-2645
37290
-92087
99033
4758
49779
-57899
95853
31263
-42358
15936
81079
-97908
74028
24246
74367
-47917
-62795
-52045
90112
94119
-69011
-60987
-67178
-79100
12103
-18035
-55822
92991
89474
-26203
-15837
-77812
82496
59101
34079
-49187
-10105
-25467
83150
12560
-28398
2592
27626
-79870
-29253
12728
-90883
-21986
42937
-79494
66249
99063
-99585
7652
58648
-1798
-7456
-16218
-44139
58355
3902
71324
79762
-3190
35088
30063
-84098
-95644
41495
41146
84412
58784
18574
-74672
58235
57870
-68549
71706
-56440
67455
89515
-40700
57158
15872
-84242
-77414
36434
-15513
6387
-63366
-9199
-48179
-26688
-94894
-74763
-28585
-56332
-9309
81235
48282
-99440
-75585
-49008
23871
-77482
-32884
23973
-29680
59559
93903
13856
53280
-54305
-16398
21178
-29907
-9017
-75037
78161
-12711
4032
-73683
43396
-73263
43543
68091
59296
42446
10862
-63140
-96263
56431
81146
-23759
-50544
-89458
-46357
-34079
-98844
47219
-27164
-4009
33533
14524
-2012
-54003
22344
2040
-19756
41776
-99500
-5700
-35828
-41746
99721
97535
-16405
52773
-69696
42865
-26835
-87198
-61599
13157
39790
30981
12828
69512
95795
69512
-65793
-63384
65873
-11044
41659
-11202
86201
-1007
24054
30171
-56082
99166
-12880
56980
-81128
-49472
7184
3171
38506
808
65803
69035
-41970
4656
-65703
54580
79915
79679
-25062
75169
30792
-69500
88517
-74175
16332
6978
15678
-86620
26707
-43212
27764
-39196
-78421
50540
21932
-66048
-49212
64580
-86488
-64432
-93045
-27204
69824
36370
80955
43247
-68059
-12344
-86626
-53521
-93207
-59197
32232
71315
24296
34756
-6575
-7239
95565
-93987
34794
34567
4780
16262
-48560
2629
-40564
-16883
-53424
-7719
-75429
-87392
-80387
-24851
-49410
12026
-50030
61311
7832
46348
-32274
63035
-2947
12354
-48635
63795
62803
-51870
-1101
2278
85724
-21198
11431
-68383
86956
23130
-60530
-42541
-540
76785
-47074
-30356
-55890
35631
-70433
89370
36681
-4463
54493
6555
-10378
-74522
97338
61480
62720
46623
-13687
-83357
24496
-18024
-60909
-70322
-63267
-22691
12078
-89626
-20932
62215
25737
68501
-93085
88072
5823
-82761
20235
52011
11590
27310
-99201
-63101
-88059
55228
82956
-19911
-11274
-85917
-81479
59211
96050
-34053
-29585
-44869
32765
-35418
-27265
64348
18934
-33028
-69313
13296
-75372
71661
-42405
26417
-95870
89090
73150
-94756
67058
-99060
-78152
-42326
-49177
-78095
63731
80749
37008
-16136
-64266
13968
-32069
15882
26792
-9848
-20411
35106
-67526
-26929
-61348
56737
7677
98938
-68944
57585
-53263
-80321
-83198
-52384
96854
23883
71076
-56062
67322
-8789
25549
52290
-29775
-15056
-74382
28519
72978
-1928
24855
-47833
80233
16471
-70299
254
69658
-83026
16517
51292
61911
-35089
-1069
-26590
42934
-23163
-28804
-75198
40237
-50019
-10181
-56056
79291
60073
59092
72587
66781
-52484
24375
-34298
66136
84127
-50150
-60925
-53996
-94617
58034
95645
68716
-83189
-42922
-52307
89338
91179
15894
-55920
-23986
-22783
-3386
-64178
20346
-44140
-79709
-98120
-69750
58785
7731
92832
75947
20406
-95592
25518
-47410
78556
-19985
-18916
-33905
62005
-47442
6468
12487
-27647
-96236
71820
-76594
-52256
-76321
-65932
-27902
-18857
-79777
88288
48769
48720
-24445
-60066
311
27394
-10414
85163
96319
-52304
-30619
39002
78241
99833
-89373
-11544
-99651
47414
-91291
23167
-8124
-81484
-87706
22577
-3585
3454
-55548
-81488
-47465
21303
-97488
75401
-96639
-29315
52127
-88869
-36828
65748
-33924
-5424
1021
-38597
-83766
-74381
82910
-23668
98008
-27364
99587
27771
82754
7415
94616
-70849
8874
-57108
-78430
-46170
-71041
-40950
-49859
34334
2236
29006
29378
-32634
69148
12493
-80150
50012
-57382
-50622
99471
-37178
-24850
-63998
10789
-1496
-48126
-52602
68694
-50372
-27819
57582
53749
-73022
57994
17726
95127
17804
64681
-35652
58132
-86888
-88910
95741
76194
90010
51744
-84258
96200
24011
20776
41383
-6268
-26419
-62968
-33845
-90248
33918
-98123
-16814
-96470
48619
-38019
57746
584
-35470
95301
26499
-75778
-56613
-48130
-10351
48809
-57946
97715
-56450
91476
31864
-35636
-26505
25051
-37851
-2021
-53128
-64349
-7061
75563
98910
-73182
-40092
42537
-28199
-21017
-82187
98057
42149
-15866
-53681
80342
26885
-22210
35257
-61916
-19865
57407
-14804
84666
77768
-59027
71899
-14110
-79526
33944
69996
-24040
58674
94903
-60622
-29798
-79516
-53249
96273
45676
-45039
9527
-33746
-61995
99595
21437
83291
25739
-97347
-17307
-48113
-77338
-31413
17750
92449
-87590
-48556
52829
-52733
-31530
40390
10398
-35098
11980
-54091
62576
-85098
-178
-53010
-8406
46303
67832
-19850
90629
35605
-62802
52638
11732
44167
-15241
-82006
-498
-54725
-80207
-50468
73416
-80536
-41198
12792
-52333
-42790
-14475
-92290
-22029
53270
-9966
55587
73935
80029
35863
72632
55497
71238
-94045
-24542
43962
-86882
-26072
-28434
70970
26475
17200
82580
13886
-99292
35291
-7827
31185
60478
-18513
51557
36430
-23157
-73249
-86030
76958
-80475
-14326
-17452
55484
86410
63253
-65988
-71311
78921
-12792
-62058
60714
56753
-999
-74481
-73486
20446
7176
-46843
72185
53192
76717
-9118
51584
93554
34150
-5706
54676
47407
92241
-36214
-60762
61699
50760
53484
60731
-87221
-29687
9066
96330
-28979
-57418
92115
8793
-58114
3796
-40781
-99606
26723
8278
-79274
-64969
30811
-39570
46117
36808
5819
22961
55700
94049
-45783
53052
-11568
35934
-29800
-31023
87561
1419
-44374
-45295
54117
-57440
99459
9034
31917
-8307
85171
74956
80708
74757
-48100
-99732
60333
-96788
12751
-67182
-2296
8030
20537
98171
-25070
-1015
66533
-71100
-58535
-47286
21308
-43194
-27963
-83216
47981
-56168
-47215
70405
79762
83352
-95026
31805
77235
-85301
-9809
7956
-54898
-75234
-96097
20700
-94150
21103
94089
25322
-33580
-64734
90085
-20000
-96778
-97503
-28165
-87041
-39346
-66489
53348
-5178
45832
35410
-73335
53761
-83147
-77129
-22930
-84053
-30088
-62709
32420
-49469
79272
56696
-83164
-17752
44565
91357
62981
90055
99421
33455
45937
-60506
85330
-86269
-47238
-54998
82509
-32697
-33282
-84715
50470
-19630
48206
-60143
29588
92673
31334
72651
55496
79024
-91758
-40810
-31814
71657
52872
35606
5852
-87893
-32989
28577
50189
3302
7398
89393
-76858
-40575
19820
16477
77876
21265
-28316
50394
-71664
-22158
46696
31117
28569
-33580
-80402
-59681
96430
13799
-49127
-86653
-94187
-92031
45544
48666
19356
-33089
-6530
78730
-12837
66658
-29704
-27313
-45689
-92568
95803
-15124
54353
-97454
-37982
64597
-92470
-18869
94996
-19183
91389
64164
-72298
78139
43723
-47955
-34548
-27202
-12283
-52967
-641
-66832
-93196
-90032
16019
-46045
-21237
-83401
-45255
46859
5852
-69639
7992
-74354
-78839
-91907
-40507
75346
82667
-57161
85487
30955
99815
31247
96078
10785
-22315
-30945
-50388
29116
31397
58117
-40651
-63313
-8641
-23810
58198
87173
15436
-59487
30544
-91984
3335
56077
-92070
71670
-37006
-67272
-52349
-48495
50116
-53082
-1891
2675
-3270
35935
-50431
54807
23680
-92285
-83591
23837
-91231
-86208
-87286
-16796
30049
-89260
54857
2482
-17505
10038
85721
44651
94636
40161
-39773
86980
-61646
63591
-30583
-36585
-59267
-92669
-82415
41929
64615
-15454
77675
-31744
-67102
-46530
78996
-76629
-53903
27561
-63792
88221
-43944
92217
12089
7594
-99769
70012
4031
26599
97602
-78359
-49771
-66465
52338
39749
-85463
96648
-56359
-61561
-36509
-30284
-13773
67643
12471
5275
-13696
-81847
-93173
-12113
74827
21883
-83216
99886
2642
-25955
-17288
-70955
22652
49492
-37178
-90932
-30696
-98456
79857
52476
74331
-24286
35277
2567
152
-21464
60763
9770
-17948
-7943
-38491
-47867
-27506
-5665
85409
-53727
-77057
-14664
-46138
1387
-22831
31665
69559
22543
-39126
5079
45569
38186
-45666
14366
18883
18422
86602
3199
-27631
1496
1051
43849
42330
84018
-5097
92916
73121
63865
33785
-80974
-86458
16397
83905
86889
85219
-89043
58331
-10406
17243
-5086
62493
-27202
-78339
18533
49743
-8485
70136
48930
-8206
9301
-2963
-17471
-48041
-72001
-46156
-90507
35450
-5520
-8769
21288
77741
-36730
-42847
-65328
-5148
77421
-4111
-39761
11569
78319
5788
-61459
69351
85095
-81965
47625
43992
-64137
91523
-54551
44615
80742
5236
-17840
-99206
-38423
-36868
-14805
88226
-74891
10053
-40537
44460
-67818
-2975
-44599
136
-29516
-22211
95140
-48991
85649
70900
2519
-58909
-66812
67739
-13895
86117
-3419
-94014
54359
-81946
49792
60479
86549
12631
-56470
69288
42852
-32126
-32653
-41195
57210
50965
57202
44088
4955
6414
-77780
81708
-30518
35722
-47656
94423
2390
71025
42157
-33182
73524
-27898
99168
42173
-4118
-56393
-38598
-91765
42054
-44586
-72227
-11030
-28201
31119
86811
12709
-12499
9547
47014
-42447
-22549
51055
-75114
12114
-8424
5658
47798
8229
-90600
-1769
-5432
-64634
58020
-76641
45169
20561
-2879
44381
83494
90350
-64960
41544
18460
74664
-96290
47505
-80393
52328
-45289
99207
-47459
-8147
-627
46369
67889
57154
-2476
43597
-15886
-18205
-41920
88177
-85595
-70723
48791
73905
-25105
97515
82040
35659
-62929
-91931
81582
-81935
18680
-62663
80834
-81289
91570
-7897
93473
77579
91120
74687
73677
-38138
14116
28831
-54840
-54210
-34158
28213
75954
54613
-41829
-63022
-9409
-66503
-96793
53998
-79051
56697
87319
-27794
57790
52372
-15866
10714
-18459
-22316
-86075
-34111
52700
92448
18822
22820
76012
93930
-62137
23365
65614
-96278
20581
23607
-79451
89632
-95658
-88503
11147
-37589
-92914
12137
54203
72642
-51540
52562
70859
71974
48084
9647
69303
6544
-93690
22249
77699
72585
7347
-73761
69980
23562
53136
-63041
39704
-35184
-92599
63924
-52861
68454
-35954
4606
88101
14899
55699
-39777
-97607
-96509
-69128
51060
-93935
-26975
84529
38083
-15334
-51526
-77275
54636
-57794
-84000
-20828
-75401
61177
-26310
51900
29037
46623
-71409
39040
-55243
-30547
-19699
76616
6343
-24003
-46735
-95081
25728
-71409
-79729
4136
-97477
-35677
-41018
75800
-46386
-17041
23795
1462
-79690
83194
23554
-1252
-38099
28473
37342
53762
50408
47497
30566
73767
-61159
27748
-78151
22500
7506
288
-62471
-86526
51670
24865
20837
41370
-20645
26104
-69560
7733
-41115
8733
-20629
-85268
29044
19412
-5877
-36415
6874
13826
29772
-92730
63883
778
45527
90856
-18579
-65076
-70985
-58096
-49130
30482
6073
-62758
57643
-62695
44495
80974
-67165
67757
97345
-81800
87875
77083
-30711
95117
-50693
80735
-52934
-61147
35219
34289
73633
-82049
-42122
-65776
-17246
42097
-55740
38181
96022
-56194
-91390
26393
46389
28585
-39584
-70979
-82582
65916
53550
-95736
77293
82177
-51990
-92876
57320
67830
-8310
-76820
-87232
68880
-78388
17025
87715
59842
-33132
81765
-76275
72411
-60618
48956
29199
7313
49183
40810
21563
-3819
27139
-38518
-53811
-89207
77316
-7485
-81563
-19184
-29219
-29462
-7975
44113
350
73038
78441
95918
-36977
66261
-47322
71252
3606
-19843
38691
-47918
-7984
27416
86536
-66500
-85877
41139
-8273
-84382
91038
4416
60011
-25937
-4162
-62782
-59047
22417
-40971
-1443
86032
-16068
-41911
-85104
47359
23790
98271
3502
-40155
-12091
-39780
-99434
28663
55972
86659
49855
43991
-40731
-69488
-3905
51427
1122
-75619
90785
-52848
42907
62644
-32798
24216
25477
44818
81766
11101
50800
-44768
-92022
-96428
92912
29180
2780
-99930
-85818
-71422
-34994
-71184
-38110
-36415
-85168
76869
-90067
90130
-64352
37424
44731
1294
58147
74629
-31040
84265
77063
50576
54552
10682
-96869
37191
84177
-84809
-80523
-61040
-5393
-77412
1352
21
73975
-64756
-50611
56533
-98300
-62761
-76199
70921
13265
85153
-30620
-32817
-13900
46831
41150
62117
-31095
-27224
25383
75869
-91320
-36137
-6386
45972
-92389
-52529
37684
-33412
-13927
-52837
-56896
-14519
-8201
-86139
-57066
15054
-794
52983
56324
62945
86201
85724
-34841
-62144
-71346
-91074
98696
24583
-9584
-51644
1612
-31286
51335
-72779
71752
-71440
-44717
-55932
87007
83766
62698
11647
-2794
-28805
39376
3574
-72025
-48293
7246
-98904
-18687
-87844
5924
37975
-8457
319
-98049
6415
-78747
19983
-80153
51859
-82307
86322
-61111
-53535
-20492
-25957
-54414
56995
42923
17109
-563
73520
-89075
-91867
87821
95358
-30225
84802
-71435
-64220
-83223
-70288
77822
55459
-27437
51203
37261
-9464
63349
-31234
81315
-76763
-24493
13246
-18359
-53200
63182
9559
-80676
-76984
38338
90718
-8264
48247
-98150
-50802
66547
33366
94118
48100
81584
45287
-93857
-81383
-24406
-86236
-55994
-45960
-72915
-29727
-73879
-683
-25349
-75753
26786
-61199
-77506
3404
-51645
47003
-41362
3812
-14146
58389
-15962
-76073
99870
18532
-25163
-46144
18191
-41570
9164
-14368
29544
-36813
71490
-55790
-51444
-93383
53600
72985
-46041
41547
93970
-51341
90874
63872
-25930
-99572
-8475
99507
49102
87432
-19128
-99039
-58936
26815
75818
80971
36052
45361
16887
-29280
-59256
-73959
-37691
-77630
87698
-19629
84149
-95419
-9970
-51303
68128
-32664
-68274
93398
1532
-84175
-14964
42094
11416
73594
28833
84165
94984
-42183
56459
13212
-61899
-9183
53730
16702
-75469
-80301
43389
29121
32150
77248
75637
-12300
17796
-53793
-92766
-13704
-28760
65451
33264
-23173
-12642
92156
79426
-37569
36089
96092
15460
-88202
-91142
20073
83059
-8089
-62304
-66427
37899
55922
63669
22629
19507
90155
-84060
90016
-31714
25678
-25888
48868
-63218
-13894
21626
5596
-84842
-31138
37416
91403
-44526
-31788
-81055
19856
14659
94727
91680
50146
90892
-41519
-16926
20038
15391
-92281
-80549
40479
16297
-57431
-71617
-18429
84641
-12904
-17588
-38850
-60091
21209
50050
77946
21634
62387
84849
78089
4528
77459
-6253
-22323
-15538
77371
95215
31708
-38007
93638
61606
23119
25508
59430
43643
60166
37749
98205
-99442
76359
60492
-99394
62479
-75643
13908
-80652
-99114
-12278
44961
24074
-83741
43382
-73114
-61750
-43426
-24829
-27910
41615
70892
-4300
2378
-40205
16294
-46238
78582
84911
-37087
-99824
-15299
3995
60087
-95708
-78520
15174
24425
-99160
57371
-11794
-91930
-69424
80753
60004
-91808
37468
-37522
8883
-10079
9954
-86448
98895
17449
-63568
58429
-46470
42103
22630
6741
4148
-70709
51286
-60350
51523
-2730
-15852
5114
-5294
45079
-50420
-88481
47133
-6755
31935
-25091
-36683
-31136
-30855
32405
-3330
37912
-22467
37291
3741
10875
39751
10287
-84920
-71012
84377
-58267
78008
51032
-89835
-39025
84099
-87396
-43583
3169
-58812
-32966
-42780
47429
83464
64880
-66684
-40833
-26221
83677
-72756
54738
88799
99134
-1252
74000
-98578
38031
5338
57301
-48082
-57897
67681
-39746
-57007
-67016
50339
-85967
87455
16844
-26340
78879
-36908
25378
-62524
-8226
-38532
72175
-10748
59822
-51613
-50855
-75459
-29205
20456
-74219
3499
89112
-8230
46490
-70814
23299
19756
-12462
-80485
75726
-42331
-74841
89531
-10928
-93528
87922
-60627
60768
-95012
-56464
-52469
67456
6093
65249
-67889
-18562
325
24171
87797
-98397
26689
52864
51877
87241
-34863
21027
-23074
-14008
70045
92264
42647
88236
29762
89333
80965
12857
54473
-43996
70566
54871
641
26186
28780
-98792
-3854
-40987
99526
-51043
7201
-58430
12503
-64933
23066
6695
-4879
-16921
-72542
1233
-44390
56739
-11239
-42137
-78751
94610
83249
98377
96835
-48807
73099
-37805
4316
62205
1549
-79493
-21129
12675
59277
53704
10570
33737
-42039
1840
10473
-55632
-11018
-60693
38115
82511
57991
-99070
-77724
-70777
-70919
97856
22566
27400
-68512
42260
-6712
9643
29748
16774
75870
-46329
30429
54665
89216
9002
-84379
31286
97087
94088
87297
-15578
-87985
17358
-65739
-93983
70092
1716
86614
-1337
-75000
-67411
-55921
-76552
76825
20606
-1753
535
45240
36479
-35773
-14931
-36626
28319
54881
23737
-6957
-11906
-16152
-94800
52875
-45519
-11011
13240
-12251
85475
-57547
10084
-43805
92858
-22748
99224
-54055
46880
29706
34754
41694
-1875
-67390
-73622
20680
-11333
26606
-85722
9406
-16057
21703
-49395
-98574
46089
28317
-95032
11667
29015
-67829
11751
13450
7349
22127
-47373
86876
1335
15387
46962
-24343
-14329
5839
56689
-93748
-1184
-59859
-47233
83818
-87768
-30306
-84482
-43948
-45942
-54159
-15041
95123
-80804
-55569
-24683
74115
-4274
-34362
-36453
28166
32047
-91235
-5639
-30198
-24996
4764
-46914
63364
-39522
75454
71219
-51214
70831
-20471
91012
-63862
13734
86300
15408
2925
-8932
-41303
19414
1800
-99762
65984
17686
87278
98544
80392
-93345
-37683
12420
-18465
-37774
2993
-12508
-45986
15378
82576
-97601
-36180
5721
95331
-91206
-37285
9580
65053
-71443
87877
-47049
4674
-30828
27334
-48285
-22357
-39459
-39305
-12738
-60614
35677
-42797
-73898
15957
44630
89337
38611
88792
-78385
-78769
31755
-60592
-65150
41733
-15680
-36569
93629
63078
-31564
-6085
89436
73413
68050
16142
92092
98543
-55607
21237
-99335
-25249
-35849
38762
89974
55036
-36178
65886
98854
94696
98834
42432
24122
28534
33590
-6722
-52190
98551
94096
-30175
27779
80990
-24435
-79080
-81452
23310
11041
10070
-54515
-24889
3597
-43090
94027
-34174
6523
-44887
-5219
8323
20634
-90345
83123
15587
88860
94600
82634
-83079
-47447
-62170
68639
-75281
6638
-50972
25211
-86431
-95043
17894
-11017
23297
-83402
47106
-7008
-17683
83347
8626
86664
90237
-60829
8950
-24879
-62464
-19707
-51180
88054
51790
-94695
50825
-54594
-45023
-42474
94357
3096
-5952
37317
-37074
-99152
60172
-51280
-65714
22045
55135
29948
9600
-88775
-16234
-76331
46422
-80414
-63253
7097
34894
33526
18543
-17182
80999
56711
-89420
25533
-33403
-48065
-43723
-78185
28061
-65067
-95369
-8519
-32740
-3687
-97325
53342
57304
38014
10045
1616
-78709
90790
-45769
-33909
21342
-42942
30431
-72281
25920
-64587
1011
1169
88659
87566
-78443
93159
-51314
58052
31080
46448
43638
49717
52006
32982
86232
-65720
-10405
6150
-57724
-48926
95095
63328
-15142
-11538
58684
-45948
60850
-32014
81821
-95984
-18950
62218
-50166
78425
-21869
64239
63918
-50586
34965
93506
-66652
96217
-28154
27391
71159
-30450
79627
96137
-42856
66809
-6080
-10875
77423
-26620
-10604
-5122
69216
67712
98472
37571
1722
-34535
-15425
-36940
-71956
-60836
-89986
96157
-99778
-99311
-83609
-71589
-29988
-28330
-39119
-20285
-11453
-70757
571
-49891
1417
24271
84323
-83344
-23986
22927
76043
59100
24345
-37759
79892
66497
84126
-16494
78769
5423
70688
89407
17353
10160
28360
68084
-19846
8049
-43555
-89960
93988
19149
74423
80253
-33755
-29481
-37605
72488
67259
-9581
-96143
3257
-73585
95881
-82722
-236
32378
63890
7119
59306
-52831
24432
-40640
69026
-48880
-64474
-7437
62294
-89418
-65573
41594
-59822
-61674
-67368
82210
-91749
-59500
-72197
-88052
83940
19021
-15728
33880
31212
-93905
87079
-43907
-86861
69604
-94430
-18932
-65025
-66403
21211
-99835
-17908
-22647
-30238
84841
-62642
-48390
-99386
-68056
-44860
86637
-58320
55822
57123
-70424
-79817
41520
97928
27927
-95525
-7134
3966
-57152
3717
-41645
51476
-86786
-6826
-50228
-57718
-62889
-48256
-23653
14202
-37276
99122
30681
20521
31902
-448
93779
94013
-57666
-27100
75879
11080
91185
94125
21118
86973
53674
59574
99370
44695
43232
-28929
-71530
27654
14557
-27860
6894
33935
81517
49990
73135
2015
-80771
77649
-76834
-24629
42853
9647
82299
91479
47972
-49421
55958
77196
7297
96910
22096
-38536
-13287
-68269
25584
-76586
52156
-60073
-10695
-3620
36917
-30056
-30987
-56777
-93555
-9211
29969
58165
81105
-87208
-86500
55399
43049
14022
17682
-50115
87372
-61755
-7227
65530
-52145
-47231
33638
67197
-61770
-75622
40098
-41191
43944
32937
65713
-56713
50567
-61243
-78405
63951
-3636
38113
-20411
42320
-66080
22873
47251
93988
1180
49650
35836
63404
-35962
63622
-41474
-28138
65021
-41649
-60881
-2538
87743
20957
-26280
-67963
46434
29542
35365
-70099
27544
-88966
-93351
80637
-63461
76005
929
25219
13576
-35930
7982
-95437
64570
-89564
-36026
-81536
-42419
50944
76981
-84779
5462
96449
-75270
-23956
91621
-13537
-54463
-17084
79432
-40719
-66564
-37351
-85951
-73589
53796
36555
-83117
24718
-19008
72858
-60315
97078
1799
77577
74624
-2706
31499
25737
1427
-14944
24870
42415
-43999
90583
12784
80822
-77722
-83798
-46777
-12872
-69822
-68362
43000
-68259
43755
-44794
-70318
-42319
7255
66789
-60080
76113
-41956
-76038
-95886
79814
-84001
-59963
-25865
42055
19307
50104
-34843
50272
-77386
-15011
-76902
-43662
51740
-1182
12424
33052
25596
51158
70745
-11159
-80713
-41972
41941
53287
25128
26908
29984
51368
-34101
15347
13589
7486
70177
-78351
66493
-127
57721
39528
24596
-60051
70295
-62188
60383
27026
-62918
-63684
-72142
66691
68205
-30125
-34438
2660
-7417
-38334
-52449
35966
12998
70296
-55069
-63774
-43968
5950
-44471
-16814
-67810
-30374
-81476
-42205
-12821
95265
63789
52351
-87207
-61697
50576
81727
2662
-18692
62461
12410
72517
44366
-5652
-10470
28625
-21878
-47697
-98272
86686
-76484
10772
-22816
-44235
-56482
-89771
-83693
-3910
-89626
-72305
-88259
-80150
15274
33391
-26134
-90041
31234
-12068
-64333
9879
-26112
84127
36170
-24890
24872
27381
57649
16639
-44589
-82448
-66953
91454
-77949
12099
-39295
85928
-43539
3239
-68316
89175
98868
9012
-10612
93844
-24078
-84040
-52627
72703
65009
52672
-24459
6978
52120
-55612
96602
70412
222
-64808
57512
-63552
-21992
-16215
-93162
-82171
-3803
74361
96622
-84867
-6687
-1175
32436
-47969
-76435
25431
-84045
-89224
-47972
92344
-95208
-63197
19048
-79304
-57387
-16190
9584
-82831
-55119
53619
70327
35354
27019
-560
-56068
-8092
53990
-12511
-26628
-78456
-28458
-68416
95991
89978
-23698
63543
-54875
-16532
86016
-92673
25756
680
-64668
67773
16450
12870
-31942
3307
-30266
-2772
-97105
-65204
67901
-27413
-28393
-51168
36798
82601
-75683
-51058
14245
-83666
51166
58653
-29939
34541
-2210
56081
-61121
-43397
80335
-3669
79897
24958
1920
88528
75210
-96911
-61837
-23687
35110
-69934
2856
-13808
61900
-94422
-61471
64401
-39047
-64173
75878
-80178
-54857
87561
72392
72176
90615
92781
-76184
-71104
-94407
-57128
87303
-97065
-24902
-36498
-22531
-82650
23262
-18222
-12577
-35899
91773
-9057
35749
-40387
41288
-35546
-43014
-77920
2969
-41899
21691
54106
42971
-35841
85788
90612
-90250
-66329
-79693
-31172
96508
49367
-76737
23188
-13926
-54929
-29958
11904
-61367
35947
-84346
-99261
17372
-29497
-21962
24741
23339
96505
23123
-66713
67409
-86184
-88585
66571
53183
950
-6649
-21344
-49101
-47227
-71304
-69960
-2095
-78964
-61658
-43340
-5410
59180
97328
10718
9724
-19489
-16713
-36943
71911
-90893
-90630
20104
-36541
-31276
48383
-76980
67106
-16455
96535
51604
26711
24532
27750
-9781
-76095
81091
-13060
-76400
-84239
-76700
-49909
37403
-24459
95497
30557
85624
29518
66880
-10494
50983
85579
21036
-80838
5209
-37875
-17027
36006
-46399
-37001
-46462
-25535
44692
-28340
66335
80634
90746
-95107
-97754
-25453
41843
-29338
-37337
51259
-95314
-34885
33918
75424
28178
64451
-45999
47865
-49630
87427
-9968
30841
-90494
45565
51900
23173
-75519
41469
45339
13387
25492
8040
-45773
36267
-2829
-13567
91923
-17107
37465
65651
21750
-86747
26870
-81756
43768
90143
99642
73683
70691
-21425
13475
98531
-87767
-11096
-69899
-32463
28944
16440
-6071
93502
-58241
-76106
84032
-43005
10817
-12754
-17560
-89911
13580
47505
-68536
75642
-74381
-60441
-2679
26172
94880
83363
-34571
4688
73369
-13948
-91883
50462
-13391
-39525
39684
24781
38746
-64133
-69514
-4203
13871
79638
-78048
75397
-5434
-58339
-67810
49103
35259
-67968
60402
41363
39426
-92287
45799
-60629
55555
45594
-9093
60370
14111
42513
98773
-59017
-86256
44273
-57166
3843
76308
-49970
-30115
-54390
38295
73625
-97236
67054
-56448
-98054
1969
-17526
65189
16057
-8248
41926
47376
-37183
60243
83761
93234
19198
89266
52619
4901
-86863
32723
74887
84580
36148
-31924
-90396
89001
95143
41746
63747
-71265
-8099
11991
26646
-45945
-95404
-3863
43864
31412
18514
-15301
-60786
72819
55512
25901
-36533
-80501
71775
97954
-3915
69636
59257
31820
34342
8092
75467
-70732
-11544
48511
-37548
-32234
58079
-60276
-20113
-31109
-21456
-34996
90702
20280
38984
-22862
-74196
79527
41753
-12658
12368
98543
14199
-6608
-34884
-38959
-90580
-6486
85301
61462
84098
63113
-36683
-94026
98114
45083
56831
10536
-85439
-16883
-66093
-55915
-40375
97686
-19794
90848
-48802
-21048
-57072
54060
24444
29883
88255
-82218
-75987
94145
-95228
-10588
-18841
-43055
-67760
-22506
-69753
59945
54942
-16244
72895
65845
42267
83164
-48215
-78595
78523
-95200
93607
85628
39485
-37456
74884
-49964
40276
72381
28652
96708
16926
-34846
-97580
-15401
91866
48292
69042
-44815
-67139
53837
-27080
-66266
-91749
-63916
-95808
47606
-14576
99993
89110
-82438
38008
33348
8153
60290
67320
58514
39410
81870
21224
-45626
4693
-61160
-53129
-46630
-16679
-17534
98602
-22253
18706
-96200
-79841
57189
11723
52930
-75530
9601
-7389
-59865
-49040
39311
-69261
-45945
-15042
53116
-25812
14133
23389
50660
-7354
86728
79221
-40098
-9642
-29340
-1359
91438
17378
96549
1030
34170
-14230
-22178
-97659
-88225
-33358
93922
40173
3870
-80985
-94469
56203
-10344
88737
-84252
-35413
-57317
19482
-43864
-94316
-54846
3336
-33950
-50360
-24014
-11801
60217
-77314
44993
1223
32624
22566
-35889
2232
-13612
5358
78403
-48820
-3851
63028
-6688
68970
3248
15579
-82513
57382
-24681
29719
-15293
-92878
75170
11708
-55841
67234
80844
12576
-16458
-16576
-84401
-59441
21964
41752
69004
85696
12168
-21270
-3479
-8739
-4157
69394
11246
63982
-36517
42461
-64142
39451
-11946
60865
88494
-97525
-31326
25458
-24717
-12996
28650
11941
-98140
63698
11419
55384
-60787
77697
95100
-412
-50205
80473
74306
-95764
-6775
-50920
-47744
-18174
-29226
76240
54929
76329
-19154
29981
9498
-13815
-6482
99368
51965
17573
-71591
31052
47321
63692
-81082
-88464
-5406
99282
64628
-40966
7305
-50861
-31239
-76732
-2949
13041
-43018
65982
-88108
-41617
-7028
-47304
67581
-57703
53828
52237
-17980
86123
-90014
4381
-30640
83404
97077
-64428
-52173
-96491
-99367
34606
3034
-75921
-18859
46128
-48700
94806
-72603
52283
31931
36588
-31452
72318
68117
-9285
88259
32727
-23923
-17515
29024
99389
-80110
43732
77491
87399
-24660
84655
-85275
-47888
54801
-71843
-11176
-16676
91635
-47484
24544
78807
-52759
-50365
-38967
-74038
-80668
-5144
14059
75780
-20057
-23890
41683
35411
77000
-31284
-68593
32228
-45819
-82702
79937
-22604
89455
-95283
87704
36525
-40823
-73193
-67283
-85375
-24841
-70464
-11397
-78942
60307
50395
55174
37937
-43339
11321
74506
47958
-67450
-86041
74869
-62306
-54847
34663
-39523
21236
-62123
-17342
-28544
-68109
7657
-35659
22955
13104
-80717
15805
-22535
-10969
11518
77783
-13795
27371
73601
-34202
2252
-74198
28759
79656
-66448
35085
874
2884
-90141
-1744
-3038
20009
64490
88719
-82000
59809
71377
54355
-48538
55777
31945
-65292
-31856
69384
111
-14435
-99564
-75622
51692
18789
66163
94568
64957
-9810
-83521
37272
-88632
-55364
-65829
38668
51755
-7399
69522
-98548
-51664
1485
14336
6411
14775
-33293
-84188
-17877
-89344
83164
19095
-71644
44966
68499
57410
55895
23600
-84446
28023
17884
51918
-4473
74871
-15445
-83138
38754
-26906
12086
58050
44949
76480
23823
58235
-24059
97767
-5973
89134
40163
61186
83895
-54460
13309
91813
-91308
-74970
-2427
-26381
45128
-13847
22197
18614
-27383
-52059
57460
-41975
-98439
-75611
-29669
-40683
-34670
93406
-3781
32147
-18708
-82607
-3886
80930
-24747
-56788
-64862
64747
-65675
-8873
-88935
78612
-45303
78372
-33503
-84899
-68634
38325
36550
42654
89327
-74385
24973
94255
-71069
84088
43617
-16391
-90825
51061
5633
-31927
-23300
-90233
55853
27048
67682
-72408
21220
-85256
28192
-79785
88334
47950
-77701
-28909
57528
99779
-77763
55076
97811
66729
-37523
36540
68274
56448
-2148
-31937
-24900
-3363
54352
96795
-73998
-7717
80409
-68699
28623
60597
65882
-86759
93093
36091
60392
63180
61063
-82090
96704
54140
-98432
-2323
-32594
23208
10794
-75707
-49234
-88155
84044
-43228
42082
-63005
16540
52994
-962
-59577
97415
-72735
83292
79966
27157
-97244
-4293
-50447
99571
41034
91313
-79342
24670
80973
72888
28888
-52068
71073
56018
38058
89862
-48239
57916
-20731
-65166
43384
-46464
19843
-59155
32986
-11355
-16431
38905
-38780
-17147
-57535
60955
-41626
-26751
-78730
82115
91946
-45548
14485
-55737
64025
60498
14034
29565
78429
-79084
-98077
-92026
93382
77200
61396
-17208
32141
19074
33844
87077
-29829
-92795
-21340
-15750
-74229
81538
-70808
-4801
-20652
71238
8469
-46638
-40584
-96058
92148
12740
-5332
-33131
2091
-5136
-91700
65681
78388
-65012
97034
40862
-39227
-42544
1659
-57385
-42000
4420
-987
45027
-56496
44468
-97480
64395
97110
94612
-62909
-75219
71338
-87183
9855
72280
-34488
5127
-78489
-31528
-24869
44157
39622
16279
72151
-23943
-62361
73069
23981
-41038
-17386
61509
90310
89417
-15058
43977
-78978
-59576
40980
-57739
90046
-51652
24004
42086
-19484
-88381
2714
65835
75586
74013
-10958
-77361
-90410
-46108
-50965
32179
-59998
-42900
39108
67587
-331
69079
22677
89009
86879
-72189
41786
240
27261
-81672
-23155
-10969
-43174
6688
1379
-30088
32838
26590
65114
-48334
35790
-24359
22854
4636
-73421
-77828
31385
-7101
35789
9767
-72117
-9805
-69624
-36767
27480
-92649
25005
82385
4067
-10861
16358
-35672
-1115
11147
-37611
93384
21067
-93126
-30765
37401
-61356
7383
-71856
-97859
39926
10838
5715
-94046
-4187
-11980
-94619
11928
-9150
-86135
-9982
-79376
-98838
62536
-40467
-42800
59908
18865
-74370
79028
-26880
15289
32919
46560
-44084
-93410
4778
-51205
-62392
-79736
-86158
-84222
-47246
49796
-38094
68174
-16726
-22064
-35256
62437
41990
14793
-13619
-95970
86297
-50885
-79348
-67669
-78141
18762
9949
54702
-34214
23248
-77038
8112
63694
-33973
-46867
16722
68784
32526
-88918
-3001
-89290
-48416
91799
9492
-69332
-51214
-64297
-33000
-43668
-57701
28389
61493
82270
21921
31213
-25883
-69143
-82185
-75997
-34966
-48480
-80692
40377
5139
-43630
-68712
50407
60345
85092
29143
-77541
-63528
-71385
-31190
-35129
-33245
-16240
16152
-40911
7327
29401
27336
55909
25782
86143
-3625
52955
42310
-35532
61026
-97863
-31332
-10259
-57243
-47819
30549
18511
-93823
-98338
-98272
-25288
50047
-85421
18174
52281
7487
-16764
47326
-53966
-67631
-37461
72196
-73143
79480
2643
-52339
25130
99895
39751
-78616
-65584
79793
65737
7548
-89530
-86734
-5801
-56985
52360
-86193
63707
-53051
-28656
81818
83031
4314
-54093
-49746
41944
-34151
51863
-78558
-4921
-39156
-61590
-28225
85979
7044
15040
-91772
-53821
79481
-90127
-68311
11915
-93379
-88665
13339
79175
-65722
40793
73686
32964
68930
-71484
-16101
69245
-42524
-72353
-3300
-32026
-24756
44164
26017
-46223
53352
23972
-17655
-64565
-84293
-51629
-18198
49130
-40636
98949
-10559
86916
-29963
-66216
-96440
16124
-28161
11241
48976
-45321
-13043
-18374
6151
-8439
74635
-55578
67004
-12914
39193
33258
35567
-47070
-70911
35234
-99317
55910
63294
-4738
72826
2649
69382
69682
-94405
-57860
27600
-87692
43686
62526
51889
-70969
49232
-84786
-53474
45950
-71885
47180
-87332
31656
-23369
-75993
94024
-27259
-88373
58077
53929
39006
11053
1166
-81127
-11937
-61422
68027
-10832
-39452
28270
-55167
-70574
2237
8856
6
-52647
11745
-58631
-58681
-64689
53222
-24989
-87650
-64600
59007
81041
-94716
-23732
-79902
65560
819
30451
553
42475
-45345
63407
-44945
-25399
18090
-45561
80925
24175
-97784
48972
4967
90033
77207
-76715
55676
88652
-79947
-48269
30549
1475
81075
-42452
-93472
58823
-20379
27494
-88765
78126
94892
32543
-82458
-82905
-1610
-34626
38694
-36304
62162
30276
-54612
12985
-83757
83356
-95902
9621
59326
-37489
75884
-56229
-84899
95657
-58530
63632
16232
-52064
3464
-81603
41995
18181
67273
-32858
-12701
-63482
-25856
14324
47112
-2187
17302
-98785
26415
3808
-30975
41158
38916
416
89373
-6510
-69510
96308
97001
25952
-46053
60925
-52440
58964
-23967
-58328
43112
64950
18250
-34041
-61677
52173
-44082
31409
-99089
-43995
90353
74147
-9527
73537
-84404
91120
83200
-62742
82639
-87499
19340
-59311
-27759
46142
48733
-95807
-83004
-41078
-76239
-57830
34828
-53151
-26986
-72838
-68352
25974
91128
-14833
39522
25974
-28122
-68170
-3773
-68458
-35517
46144
9024
35919
-61032
62170
55155
-86372
-18893
10254
88089
57775
-90640
12976
-7822
16541
-22628
55059
83964
74709
88869
-84140
-82519
14651
81112
-75461
-86683
-70980
38436
-21556
16114
54172
-62000
33732
-29380
28404
78423
69902
-80986
25762
-61199
-22016
10355
82310
-54157
29519
41862
84221
2022
55472
-65468
98321
-51652
-83194
-32280
-8178
-56818
43060
-79740
40317
-41588
-59340
46369
63218
-8632
-31723
93709
-60150
-23599
14443
-34510
57746
66162
17121
19078
-23920
93130
37294
38721
-45542
-29221
98597
-78337
-92032
-39532
-53637
82608
11344
-81940
98273
29697
81760
-61990
-49091
88372
-13842
12033
-27989
-12361
34788
-55572
-70119
-3477
-97918
-90649
81857
-89952
-6711
-99524
27213
279
55263
-17086
38314
-46668
91809
-80909
27569
-16543
48643
-95794
70236
15157
-85278
59029
26143
4188
-73960
82031
-57918
-76964
49839
4988
-74185
-57679
-15717
19884
-83333
24597
77933
12479
-94023
51180
5794
-65761
99375
75457
74866
-89340
-37957
-16931
-17859
90598
43556
41719
-41962
-41013
-67575
-18984
-54950
-40893
78059
98779
-55380
-33867
-81773
61557
17464
-59672
45438
11796
61840
-27040
28198
-62944
-28919
21338
-56131
18359
-945
-76654
49027
-40421
42752
-27846
-10782
43233
-4815
48890
-21781
-7072
17531
22901
-94185
2033
18770
19185
-56235
-69416
71916
-12876
-88649
99682
87456
19840
6756
-21514
81877
-73762
69607
554
-25486
-29274
14044
-550
29708
-70769
65467
69314
-95677
-39438
60756
-82204
8058
42919
35646
16349
32810
-60570
46794
-16610
73479
-99259
66667
-45451
-506
-1857
99455
99289
-81390
80204
-42052
85585
45011
38156
-74694
-14935
16133
17779
-18210
63811
7145
87406
50627
99218
-3600
78125
98009
90554
-1496
-16397
-15048
8640
-78893
-78606
-90423
24710
99014
-55877
-67526
-10443
-21179
-40071
-21471
-51420
-63311
37291
-4797
-75137
-82718
-61115
-54058
-59339
-61220
4327
-35493
78872
69129
29193
84551
467
-65736
-595
-19653
-95852
88266
26057
-33620
80853
25850
11370
-15316
53573
37165
64632
-44982
77842
28429
-52177
-8284
-16710
-48900
98372
-81498
-19316
-3699
-30061
-72750
-64423
4610
-65068
-48540
-70827
-9098
-18246
-87424
7087
-66104
5962
96130
30114
19362
-51879
-78833
-53703
75594
-30021
-67781
55349
-24978
2996
2465
-68462
85971
-18936
-3305
-87519
-71072
57165
89892
-98616
-29183
71952
72432
-29196
70334
-66468
36945
-12347
-75732
-99486
86036
32045
8916
-21610
47493
8480
45876
-55884
-14327
-73765
-5611
28008
-19832
19417
-47010
74624
-8536
-61778
-26378
-32589
31105
-3862
-2172
39858
77408
-85863
-82476
59892
62309
-68628
-39330
-33086
-85494
-72281
82162
41704
75449
-33212
-39694
37401
20385
-36694
-20475
31060
17507
92536
-74413
-29457
47300
-28499
98100
9949
82749
51351
-76626
48276
52194
43871
-65914
-87562
35818
40936
89189
-44921
9174
60700
15462
-48647
40726
-38111
43113
-24732
-93341
95227
-29449
-58972
-82316
-46085
80932
69792
90118
-3842
-10482
13449
88397
-10464
-97818
-35906
-85588
-82870
73348
65952
-21551
6658
-4057
91979
-51694
-44155
1586
21973
-20140
52182
-77337
-5296
-47258
-53462
75106
-74982
-71439
46506
-61549
-70589
-98085
-35168
29315
-569
-20225
49194
-51529
-23544
34442
24107
-17439
20642
39653
-20152
-30259
14104
81360
-8089
-2983
71649
47892
31088
85722
-39972
-30597
81890
98872
19903
59201
-58042
55002
59968
19731
92869
-18907
12082
-8548
-24477
2236
43445
49499
-84625
42531
-60342
-96836
-86060
-68010
-71872
52017
79223
13828
66093
92814
32755
31501
47861
-57175
-14338
-49772
84163
-11677
40033
-24195
-60024
49171
-65855
-41442
-17861
33272
-44515
73624
-26474
-28318
41866
-92485
-21130
-8465
15031
13824
-64128
-80747
27069
72545
-3802
83022
3630
-43182
60314
40942
-52487
-30862
55070
-69920
-39079
76414
3385
-76545
-94702
-80046
99995
-34743
-18278
41505
-63128
43241
77057
-18235
-34719
29295
-98640
-35708
-20810
-46423
-58605
-98337
-72184
75035
35360
-53847
4280
15045
51828
42559
-18396
51303
80703
-49252
37605
-43091
-25047
92976
-95917
53225
71542
-47806
-13016
-65282
14715
74408
-67101
-92407
-66110
53636
76866
60635
-28072
-20949
60237
95976
93086
99408
-74900
63830
44284
92654
15063
41150
99108
-65809
76307
63686
95565
10769
-96606
6340
38200
-83314
27232
88095
58498
-74406
-82678
38535
-89427
-63217
-49883
23705
-20635
-39902
-66556
-16036
87459
-10014
-45131
60742
-98278
67887
-74331
23146
-63813
35651
-74363
27842
17982
-3788
-39063
-65215
-81997
-87423
-59473
-7901
93022
81016
67542
78616
87896
56294
-46314
-44184
-41517
-29962
49556
-59066
-61617
73807
87652
39337
-55378
51742
-46564
52552
67898
82323
70959
64814
-70699
78277
79045
13800
-85219
-46487
71962
74587
-7816
30650
14826
-67073
-76649
42748
24265
92916
-43907
-91001
65204
12427
85045
9275
-40680
-62574
90200
16183
-91271
-22759
-42939
-6542
72530
56378
-59119
29259
-69707
20720
30781
2599
-17259
-40142
23619
20606
47506
-62112
98039
10432
-69796
-75260
-95471
57126
37495
75523
89477
27853
-40916
-87578
81659
57828
-49886
4894
-83986
84349
-63707
-32438
-3091
-53168
83256
41137
-35989
30992
-19966
83639
38123
-75979
37961
70860
-13334
72263
93329
20199
40796
-29452
62706
30254
-13449
4541
-16436
78215
-34976
-90918
46651
88795
-44994
-96856
-5227
92508
6412
-72088
30603
-39238
15999
27655
23475
-96830
10765
80698
68304
4809
-43397
22736
-15370
-58168
65415
42694
-19678
-20294
-70886
3997
-4591
-17841
-27374
70254
12231
-79634
-80928
-20454
-93483
51458
-85118
10403
19724
73584
-17725
-57026
-15445
96143
-78041
-22712
-46930
60518
-93610
-75253
63418
-89703
-15952
-87994
-12083
-48594
81495
-6668
-9980
23304
46101
-68352
-24698
99602
8418
-7902
84076
-44519
-60223
67847
-9414
-17531
47887
74973
85040
92438
-13805
34654
96886
95499
72753
48908
28624
-95907
33284
-4058
89952
20567
97054
84727
-55448
36053
-68334
66253
-49165
19965
-63785
77599
62658
8977
-77547
44200
32947
9614
37531
44814
51482
-62988
-64959
98083
-3370
-86760
55648
95691
-79489
-57423
46347
46684
-49829
68744
-72074
-84661
27033
-25520
-90917
85153
57977
-22714
-5024
-37783
24778
-95348
78687
-27484
-71940
3253
-77851
85013
-71539
29741
-5281
-4445
-50865
35719
71421
57384
-11740
22243
-60531
-86056
-30358
-11758
-18777
38790
-52700
5619
82911
36900
-70246
-39816
-72318
-71113
96244
10308
-33586
72590
-30462
70968
-74409
90849
-57486
88385
-24567
-91013
-66062
22266
90060
49981
-57870
-89891
74131
92331
-98520
60531
34530
45698
-63605
97138
-73726
99209
-37290
-97153
-19657
-76086
33734
-83760
41247
93766
60140
91990
-46807
-65313
48760
-26538
17282
94824
-80805
24577
-73299
12889
15676
53045
70996
88333
5720
58676
-57289
85779
-65342
34303
1539
-59661
-21783
-58671
-36223
89000
-59161
54075
87944
6505
34103
81699
-20441
-39210
-66107
-4388
-59377
46962
-87626
91521
10669
-51014
4366
-93301
82925
-3821
65977
21784
-99997
-27139
38676
57644
-50997
22249
-63612
44729
-7582
67845
-85049
-23285
16210
50600
49961
37512
93319
-74556
-27692
99208
38609
40577
-69907
-82960
92143
-23493
13559
-12460
-89966
52157
25427
24621
20366
-1705
-66814
-71144
48389
82566
76049
-29292
35723
99142
-47569
-78506
-88309
-5803
-33421
79730
76455
70799
87310
-93804
-44547
63281
-78041
-68751
27412
-46637
-5693
-77358
55642
42447
55309
93147
56004
-68885
22976
15441
54587
-30828
40763
-56398
27352
-75056
-99790
28987
81914
43895
-3105
6214
24344
-61442
55631
-40798
36736
-94328
88378
-26347
-66182
-55058
93441
-12282
-21596
28791
72620
-7448
-50390
43275
-73043
-84102
84770
-91057
-46482
-66694
15501
-39640
81076
-98286
-50059
-81990
11715
88314
-46685
50063
-48561
-9574
-27940
17844
-31539
-63048
48294
-77355
-86332
12897
84239
73501
63375
2931
-83891
92936
33505
32612
96280
20174
40464
12129
78852
36690
-46778
65227
92633
71121
78287
20196
86732
4959
-93957
6770
36521
-51403
-5854
9746
91546
-56702
48764
63000
57908
-82462
-1512
-18071
-22865
-69648
-31852
98485
6395
-6312
-99756
-24986
98399
66191
92194
67223
-66348
14870
61440
-65874
-93190
-38895
51643
69063
34722
85413
-21116
-15238
67604
-85557
-68197
-95700
6512
41261
-79114
96579
31134
33580
-49514
-2741
-84707
-44773
76459
-67485
1120
-93179
-70692
-97645
-24158
-48684
29923
-55990
-12587
-59368
99773
78425
46847
-96394
-93288
88619
-37585
21230
18181
-90249
-54013
-72772
71158
-40073
13494
98437
13502
-50705
62478
-71359
79141
66553
-79681
83651
27895
-1915
48761
-73931
-6695
-25524
-18724
617
27153
13155
75764
18678
60439
14048
-17188
68338
-69048
-8713
-63770
29066
-70733
89404
-86873
72989
-99402
71512
48770
73109
-24317
6068
-47397
25368
-9311
-67605
-99541
-12183
19517
-41778
78732
-6522
27319
-93068
-44395
9478
-87542
59485
22332
-50001
-86935
29242
45727
73146
-52756
42543
-18537
72048
84873
-14926
-29604
14646
96418
-76627
31811
-10905
-82732
53066
-13361
-53269
90003
22303
-71496
-47592
36988
-62195
3082
-88573
89942
98651
-72581
-2912
12231
-47039
-24285
-69800
-38037
-66130
14330
40286
-45226
-21231
-46673
-28507
-61478
-12480
33258
89346
38174
24170
16974
-29083
-57614
68504
-93349
5613
71175
-32977
-63070
78578
86468
51206
-82673
57039
2240
68787
-22774
-69789
19677
-40343
34598
32090
41945
49994
99454
-7513
60731
-18885
29816
-95938
-57167
-47858
-80782
7137
-30783
12278
-20541
-80585
-85980
-69460
72783
-46936
29336
-204
-38035
63621
26847
51769
-76852
-34942
96060
-43082
783
51589
-13877
73382
68197
-9407
-14320
-68337
35328
-82898
-12782
-29708
-53447
-71706
77435
3580
37898
45206
-217
80217
71674
27921
87117
-30081
94048
35369
17810
-28736
-43147
-16736
-18907
54879
26010
-17949
86351
32326
-59103
31587
-76602
93149
8915
-63348
-56727
-42350
-42777
88142
87918
25707
-75164
8406
20193
42192
33612
90916
-78374
88114
-62199
97768
17881
-10042
-32821
24948
-33896
-57033
5521
11638
-28503
4389
-28024
27004
-48247
-31728
3102
95224
79134
-94140
68768
-87608
38724
32184
-99016
53023
87652
1098
-3844
-77443
-28488
52488
61767
-27680
-89906
-13520
-60404
-84265
59571
-53545
-92627
-5925
23666
-55137
-93658
67557
-50289
-41083
77729
61163
82820
-40533
90921
-36174
-48614
56001
-64850
-13863
52296
-16432
-13866
-76556
-80324
51425
-24239
-69107
31360
-46625
-33189
4114
-36393
-42628
-59247
38376
87609
-70978
-91008
95485
87280
36691
49531
39970
-30354
79759
83949
-19057
-67237
94239
-18455
-57993
-29582
-4028
86871
99545
-12817
-35044
-40661
-85288
-28213
-66462
52507
64926
-94320
83111
-81756
-27218
-21103
-46569
-69247
-70950
26839
-62557
82872
15789
-60630
-62841
-35252
34125
5744
-19415
34535
8327
-72494
-70687
26833
-6718
-70197
-13404
-77518
-16527
24303
-97309
82781
72005
3813
-82150
-18232
-65747
91435
-24329
64140
-76947
46264
42308
-32007
5810
13150
-95115
72616
63144
72469
33641
-59450
-74232
-33346
-39632
23636
17718
-50988
75872
45155
54456
14982
-31219
5791
-17719
33216
-49802
81065
66970
-65785
-50059
-88160
-95377
-40165
-40921
71758
57823
-99061
1514
-40795
-60763
57375
-18701
89746
-53553
-99226
-55716
-91033
-86154
-39341
20135
30227
-96328
-2794
85685
-73960
-90020
-89210
-46868
23843
7671
55096
-50466
-98297
59569
98547
-37262
-95177
-91524
-85035
-82526
35073
79758
-28209
99678
-41530
-33921
-79470
22151
53753
32152
87104
-58551
-75897
-62442
-68504
-62490
-23604
-218
18532
64263
-28604
26782
89626
-42744
50075
-4766
-28518
54987
-44189
9657
-34444
96043
21364
79007
-88247
-85097
30132
-42640
96271
15552
-95148
-31409
71918
