-1354
-3533
-5146
6708
8259
-273
395
-3212
-7778
9758
1285
-7018
-2734
-8569
3327
-5039
7387
9616
-957
3910
-4489
-5314
8963
1985
2443
-2148
-6957
-102
-1314
4364
6176
-922
9377
-7339
3483
5162
-4045
-2680
4484
1217
6261
-7292
9540
9861
9823
9326
9668
9119
286
-2282
-6489
3730
-1694
-9664
5419
-1946
-2815
-597
-3482
-2771
-6742
8728
9482
5713
9140
-4910
2940
4007
4091
-2928
-2292
-7822
7126
-2929
6129
6550
-6702
6044
-7350
6771
547
-4868
-9367
6174
-5014
3323
6676
-1183
-9815
9442
-3654
-3558
7610
8930
8922
-2819
-404
8202
-4707
-7095
6485
2503
-8711
-2758
-395
5901
-1514
-7251
502
977
-6934
-2392
-3217
-4464
3113
-4163
1973
5475
-2578
7555
-1241
1809
3769
1616
1553
2919
9025
3032
-3779
-1446
-3569
-8608
2049
-4835
1657
-5547
-8130
6725
-9597
-5978
5647
6289
7228
2223
9313
-3109
-6034
-2265
-3741
-6283
185
7112
5389
7215
5916
6758
8536
3273
6330
6987
4941
-7690
3669
6505
9442
-9538
-6159
-6640
1477
9285
7117
-4931
-9224
-7619
9891
3362
2178
-6771
2166
7366
-2034
7065
1305
6949
4295
831
8439
867
4632
-339
-8506
827
6778
-500
4612
-6431
6508
-8090
-4716
3387
-6194
6048
8019
-8482
-997
2195
-6955
-3392
2546
-9785
-6227
-3529
6111
-3427
-5784
-8222
6757
4509
-5995
-4751
1385
-3992
-8458
7047
-5267
-1876
4611
782
5987
-1273
-7115
5796
9725
8603
9030
-2907
9865
-5420
-4806
5315
489
-1728
-4276
-2315
9678
8125
1495
766
3976
-52
4565
-6818
2894
4669
5796
-2301
8782
5333
-9132
211
-3188
2554
8143
-2304
7767
3084
-9560
4970
9475
4372
-753
-2322
-6125
-7687
-3469
946
-1522
8156
8202
-4791
5253
-9385
4391
8423
9255
-4001
-7910
-4776
-6039
4771
-1492
6550
6812
9765
-8241
8618
-7542
8790
6925
-7269
-514
6528
-1120
-5497
-7301
-7125
-8537
8291
-9013
-1652
-2622
-9154
-8607
3616
-2030
-3158
4703
-2631
-286
1597
-406
-2505
2206
-7174
-8382
8504
624
-5473
-6202
5116
-870
5250
2318
-1562
-1710
-7542
3921
2168
8728
8795
439
-3493
1258
-9300
-8641
4413
-3193
1583
6286
3110
4735
9186
-7930
-3363
-2473
-4407
-8140
-3011
9492
-4855
9546
-5696
-1062
-935
-5876
2829
1550
-9893
-2717
-9007
6074
9735
2854
9045
-9832
4852
-5562
-4206
-4147
7529
8405
-5822
-2466
1471
-7703
-4455
-8010
-2124
-6780
-850
7624
-6383
5906
-6022
-5011
499
392
8088
6091
-3929
5670
-1446
-1127
-7845
-3692
-9271
-8687
8843
1163
-5267
9045
8542
9090
3085
-2878
3906
-1099
1840
-8074
-9931
-5851
-8372
6756
8772
5498
3847
9037
-7600
7087
7448
1129
-2377
-1464
-6645
-5906
7666
-8011
-8306
-4758
1133
9040
-6602
-1890
-6911
4404
-2159
-1006
6348
1245
5587
-1870
7123
-7767
-2439
-4606
-6437
2959
3816
-5189
3594
9454
4676
8050
-3847
-7578
-2159
2421
-5997
-3596
-2937
6954
-7501
-2091
-2659
-7155
-721
8137
60
1531
8853
-9270
-1126
-6069
7416
3144
4573
-4436
-7490
2482
934
6954
8311
740
6353
-2652
9813
-6793
845
966
8984
7376
2671
8749
-7094
6693
-2161
8384
2510
9054
5122
5598
-1093
-6552
-2153
9712
4845
6829
-8854
2988
-5407
3984
7851
-2742
305
4443
2162
4950
-6207
2781
-257
-4698
-4122
2803
9073
-37
389
3769
-5108
-5075
671
-7545
8010
3646
-8707
5109
972
9916
-5565
4353
-1275
-8108
5469
6698
-2146
8493
-3930
7721
1569
3498
-9679
2727
1692
-717
-9983
1372
3008
1134
-8285
-7168
2841
-5607
5960
9667
7990
-4436
-4789
856
-4162
-3085
37
6517
5682
5368
-4180
-5435
-7048
351
-9157
-9409
-7335
-7566
3208
-9457
4259
-1888
1493
-6186
8157
-5022
9337
-9746
9386
-8760
-6970
-7369
6653
7153
-5790
-8795
-2436
6422
1527
7809
-4370
443
-2206
4284
-4316
-7661
7342
-540
-3761
-4076
1793
7477
8218
7914
7754
457
8157
3958
8294
2173
8982
-289
1405
-8652
7675
-7693
5725
-3347
7667
5760
-5894
9188
-9094
5690
2596
2078
5955
678
4510
-8067
4269
1823
-932
-6037
-5456
-203
7617
-7843
2646
-2721
277
-7724
5551
1727
8889
9050
4648
-4266
-4250
4823
3051
-9379
-6483
-7680
-8680
6515
-3028
9108
6189
2885
1999
7447
8380
-282
6476
2411
772
2777
1553
-3072
-5625
-3361
8373
-1445
-5474
-8330
-1922
-7031
5163
-9890
1425
-5109
358
5695
-7693
8859
-2240
1848
5570
-5278
2585
-925
-1682
-9119
9288
-5909
9947
5799
-3439
-764
9719
-7558
-6332
-7568
8388
-8137
-3703
-6159
809
2984
7835
-1793
9047
2806
9089
-7914
4661
-8926
-6394
-6466
-3827
-2220
7818
-7694
-7771
-1041
9716
-4856
2934
-9861
1960
3032
-9945
5297
3084
6287
4121
6847
6105
6892
864
8336
3155
-394
-4843
-8316
2343
-2114
6113
-9709
7946
-8187
6269
821
-8011
7147
-1504
-2889
239
-352
-1080
4868
-2671
2100
9228
-3670
-6762
-2797
6640
-2841
2516
4168
-9805
4497
2201
-8119
-2532
-5733
4780
3983
-3885
-297
-5261
3530
6715
9724
-9763
-5380
-7575
-4505
-9759
9631
8126
3298
-1587
1733
4603
640
-6011
-8140
3251
-931
7210
5633
-9806
-5628
-2533
5957
-6238
-7641
-2154
-3909
3884
3521
-3358
-5904
-6480
2320
2994
-1080
-5174
-444
-441
-5712
562
-9130
-5987
8391
-177
-9422
-3196
4864
7876
5030
-583
7286
5306
-6840
-4206
648
-9482
3910
-6842
9271
-5863
554
-5503
5664
8248
-9493
-1727
-5558
-613
1783
6017
8994
611
9240
5106
7074
-7124
6190
-8730
6866
3646
-450
5250
-523
-4420
-6500
-5110
-4953
-7973
-2353
3510
-9890
6444
-318
-8582
-6049
4785
-8425
3517
-5942
-3860
-8172
9910
570
7968
-9859
-482
-7066
3199
-7060
-324
5106
620
1587
-377
-6044
-7324
1562
6754
8423
-6067
740
-1129
-800
4842
8689
9904
-1058
-304
129
-3885
1575
4307
-4157
-6561
-2778
1730
2379
-7365
-8988
9483
2117
-958
9784
8719
-3872
4270
3535
-4640
6959
-113
-1950
3801
-20
-1575
-2160
-7066
6125
-7980
-9495
1421
4480
-633
8695
55
-7435
-4842
3040
5411
-148
5510
-297
-2817
-5651
-9630
8047
6597
6992
-6006
5320
5223
-2776
5538
1464
5828
9796
3541
-319
-2998
8112
-4768
-9614
1093
